

/*
.1		.2		.3		.4		.5		.6		.7		
				10b		14b		193		1ba		1d4		

1		2		3		4		5		6		7		
20b		24b		293		2ba		310		370		3D0		

1.		2.		3.		4.
40b		44b		4b3

*/


000 000 000 000 
310 000 20b 000 293 000 310 000 20b 000 293 000 000 310 310 310 000 000 000 293 293 293 000 000 000 000 000

370 000 20b 000 293 000 370 000 20b 000 293 000 000 370 370 370 000 000 000 293 293 293 000 000 000 000 000

3D0 000 24b 000 2ba 000 3D0 000 24b 000 2ba 000 000 3D0 3D0 3D0 000 000 000
3D0 000 3D0 000 3D0 000 000 40b 40b 40b 40b 40b 000 000
