

/*
.1		.2		.3		.4		.5		.6		.7		
				10b		14b		193		1ba		1d4		

1		2		3		4		5		6		7		
20b		24b		293		2ba		310		370		3D0		

1.		2.		3.		4.
40b		44b		4b3

*/


000 000 000 000 
293 293 000  293 293 000 000 293 293 000 000 20b 20b 000 293 293 000 000 310 310 310 000 000 000 000 193 193 193 000 000 000 000 000

20b	20b 20b	000 000 000 193 193 193 000 000 000 10b	10b	000 000 1ba 1ba 000 000 1d4 1d4 000 1d4 1d4 000 1ba 1ba 000 000 
193 193 000 293 293 000 310 310 000 370 370 000 000 2ba 2ba 000 000 310 310 000 000 293 293 000 20b 20b 000 24b 24b 000 1d4 1d4 000 000 000 000

20b	20b 20b	000 000 000 193 193 193 000 000 000 10b	10b	000 000 1ba 1ba 000 000 1d4 1d4 000 1d4 1d4 000 1ba 1ba 000 000 
193 193 000 293 293 000 310 310 000 370 370 000 000 2ba 2ba 000 000 310 310 000 000 293 293 000 24b 24b 000 20b 20b 000 1d4 1d4 000 000 000 000


000 000 000 000 
310 000 2ba 000 2ba 000 293 000 000 000 293 293 293 000 000 193 000 1ba 000 20b 000 000 1ba 000 20b 000 24b 24b 000 000 000 000 000 
310 000 2ba 000 2ba 000 293 000 000 000 293 293 293 000 000 40b 40b 40b 000 40b 40b 000 40b 40b 40b 000 000 000 000 000 000

310 000 2ba 000 2ba 000 293 000 000 000 293 293 293 000 000 193 000 1ba 000 20b 000 000 1ba 000 20b 000 24b 24b 000 000 000 000 000 
293 293 293 000 000 24b 24b 24b 000 000 20b 20b 20b 000 000 000 000 000

000 000 000 000 
310 000 2ba 000 2ba 000 293 000 000 000 293 293 293 000 000 193 000 1ba 000 20b 000 000 1ba 000 20b 000 24b 24b 000 000 000 000 000 
310 000 2ba 000 2ba 000 293 000 000 000 293 293 293 000 000 20b 20b 20b 000 20b 20b 000 20b 20b 20b 000 000 000 000 000 000

310 000 2ba 000 2ba 000 293 000 000 000 293 293 293 000 000 193 000 1ba 000 20b 000 000 1ba 000 20b 000 24b 24b 000 000 000 000 000 
293 293 293 000 000 24b 24b 24b 000 000 20b 20b 20b 000 000 000 000 000 000

000 000 000 000 
20b 20b 000 20b 20b 000 000 20b 20b 000 20b 20b 000 24b 24b 000 000 293 293 000 20b 20b 000 1ba 1ba 000 193 193 000 000 000 000 000
20b 20b 000 20b 20b 000 000 20b 20b 000 20b 20b 000 24b 24b 000 000 293 293 000 000 000 000 000 000 000 000

20b 20b 000 20b 20b 000 000 20b 20b 000 20b 20b 000 24b 24b 000 000 293 293 000 20b 20b 000 1ba 1ba 000 193 193 000 000 000 000 000
293 293 000 293 293 000 000 293 293 000 20b 20b 000 293 293 000 000 310 310 000 000 000 000 000 000 000 000


3 3 3 1 3 5 .5 
1 .5 .3 .6 .7 .7 .6 .5 3 5 6 4 5 3 1 2 .7
1 .5 .3 .6 .7 .7 .6 .5 3 5 6 4 5 3 2 1 .7
5  4  4  3  3 .5 .6  1 